8.343313797228372e-05
0.026877910876384106
0.0
0.0
-0.0001524332655409204
-0.08315391756858877
0.0
0.0
0.00010687776093909604
0.1538428388047161
0.0
0.0
-0.00030696400298317605
-0.3149611101937468
0.0
0.0
0.00018709593191895343
0.7988025880548849
0.0
0.0
0.7909292285686814
-0.33357647821489766
0.0
0.0
0.32204648141630915
-0.4023741435754628
0.0
0.0
-2.0515629475646624
-0.277274804815377
0.0
0.0
-1.8977351510507898
-0.6476005189827833
0.0
0.0
0.24598448234156273
0.31131446349488323
0.0
0.0
1.3555986405610831
0.2730639765091413
0.0
0.0
1.0468231489985995
0.5460542100129323
0.0
0.0
0.25142735315596654
-0.19816335271455496
0.0
0.0
-1.0508465295721442e-05
0.08496055084240538
0.0
0.0
-6.969214921750434e-06
-0.04498805318459176
0.0
0.0
-4.772951169590249e-06
0.025726323549993428
0.0
0.0
-8.528039285642065e-06
-0.00037200868012781627
0.0
0.0
0.0
0.0
0.0
0.0
0.0
0.0
0.0
0.0
0.0
0.0
0.0
0.0
1.0684596032290968e-05
-0.004608335819140037
0.0
0.0
5.5937006264544266e-05
0.0394542906318197
0.0
0.0
-7.383585631022972e-05
-0.09327964356273731
0.0
0.0
8.861663561631102e-05
0.19801629847086483
0.0
0.0
-0.00013153041446659942
-0.4006574302131325
0.0
0.0
0.10127880263663758
0.7126213359133983
0.0
0.0
0.756556756725054
0.023689294240506725
0.0
0.0
0.5053467521975487
-0.14012067136330747
0.0
0.0
-0.736046385511717
1.073328211693803
0.0
0.0
0.23345610625383895
-1.0181172470518156
0.0
0.0
0.7793444886513633
0.19917120841773228
0.0
0.0
-0.8076555751102608
-0.13465237727763957
0.0
0.0
-0.7675756821907113
-0.6510113138546302
0.0
0.0
-0.00024668227415382965
0.25541646044342226
0.0
0.0
0.00014686592155625973
-0.14020601915867734
0.0
0.0
-6.654242298397527e-05
0.0661315901069067
0.0
0.0
2.60530017068359e-05
-0.027676291870075895
0.0
0.0
0.0
0.0
0.0
0.0
0.0
0.0
0.0
0.0
0.0
0.0
0.0
0.0
