1.0
1.0
1.0
1.0
-0.48098876891938747
-0.48098876891938747
-0.48098876891938747
-0.48098876891938747
-0.9961946980917455
-0.9961946980917455
-0.9961946980917455
-0.9961946980917455
-0.9807852804032304
-0.9807852804032304
-0.9807852804032304
-0.9807852804032304
-0.17364817766693008
-0.17364817766693008
-0.17364817766693008
-0.17364817766693008
0.0
0.0
0.0
0.0
0.0
0.0
0.0
0.0
0.0
0.0
0.0
0.0
6.217694750074596e-17
6.217694750074596e-17
6.217694750074596e-17
6.217694750074596e-17
0.8902516790976557
0.8902516790976557
0.8902516790976557
0.8902516790976557
0.08850026056464008
0.08850026056464008
0.08850026056464008
0.08850026056464008
0.19809990469653632
0.19809990469653632
0.19809990469653632
0.19809990469653632
1.0
1.0
1.0
1.0
0.0
0.0
0.0
0.0
0.0
0.0
0.0
0.0
0.0
0.0
0.0
0.0
