0.0
0.0
0.0
0.0
-0.8767267557075078
-0.8767267557075078
-0.8767267557075078
-0.8767267557075078
-0.0871557427476582
-0.0871557427476582
-0.0871557427476582
-0.0871557427476582
-0.1950903220161286
-0.1950903220161286
-0.1950903220161286
-0.1950903220161286
-0.9848077530122081
-0.9848077530122081
-0.9848077530122081
-0.9848077530122081
0.0
0.0
0.0
0.0
0.0
0.0
0.0
0.0
0.0
0.0
0.0
0.0
1.015426611885745
1.015426611885745
1.015426611885745
1.015426611885745
-0.48840879597890935
-0.48840879597890935
-0.48840879597890935
-0.48840879597890935
-1.0115626070618438
-1.0115626070618438
-1.0115626070618438
-1.0115626070618438
-0.9959154742672626
-0.9959154742672626
-0.9959154742672626
-0.9959154742672626
-0.17632698070846475
-0.17632698070846475
-0.17632698070846475
-0.17632698070846475
0.0
0.0
0.0
0.0
0.0
0.0
0.0
0.0
0.0
0.0
0.0
0.0
