-1.052227301040422e-05
0.004538324843172975
-5.508719744961362e-05
-0.03885489130381298
7.271412374461111e-05
0.09186251617879904
-8.727034980082413e-05
-0.19500798595688718
0.00012953217192360287
0.3945705435758407
-0.09974015005235387
-0.7017950165694318
-0.7450629596166043
-0.023329400631438593
-0.49766939952368533
0.13799192351586087
0.7248641870285515
-1.057021944402786
-0.22990938342682243
1.0026497583720737
-0.7675044946911974
-0.19614535022659316
0.7953854721321189
0.1326067051045443
0.7559144828450471
0.6411209891827038
0.00024293461611743852
-0.2515361104916182
-0.0001446346982018705
0.13807597468644361
0.0
0.0
0.0
0.0
0.0
0.0
8.472022861018887e-05
0.027292545975773724
-0.00015478479436690888
-0.08443670078169863
0.00010852652267629315
0.1562161125703577
-0.0003116994175200883
-0.31981989299980906
0.00018998218824598304
0.8111254055541363
0.8031305868069019
-0.3387224330785327
0.3270145674942882
-0.4085814133212602
-2.0832116129159175
-0.28155221561495936
-1.9270107746879852
-0.6575908008461377
0.24977918948056238
0.31611699089763784
1.3765109346618623
0.2772764284947259
1.0629720834312142
0.5544779763793789
0.25530602535056396
-0.20122034184686036
-1.0670575311372277e-05
0.08627120428585025
-7.076726295497443e-06
-0.045682066420565694
0.0
0.0
0.0
0.0
0.0
0.0
