0.02725836542166474
-0.048098998752845644
0.08305431705002343
-0.15761784363001072
0.5032991766619408
0.5032991766619405
-0.15761784363001066
0.08305431705002336
-0.0480989987528456
0.027258365421664908
0.004189771000861937
-0.011187328474585388
0.029607652717661193
-0.09988340416713012
1.0
-0.9999999999999993
0.09988340416713047
-0.029607652717659777
0.011187328474585034
-0.004189771000860699
-0.1316940173964162
0.2308863427705152
-0.392558447629319
0.701500230825593
-0.4544121792109499
-0.45441217921096
0.7015002308255932
-0.39255844762931785
0.23088634277052186
-0.13169401739640715
-0.01720360961579257
0.045891337262107576
-0.12117201560174104
0.4051508701354449
-0.8215989789951911
0.8215989789951911
-0.4051508701354435
0.12117201560173962
-0.04589133726211748
0.017203609615790448
0.09109867617611123
-0.15468515626548704
0.24232679511348984
-0.28504068958716466
0.13873649401183322
0.138736494011885
-0.28504068958712836
0.24232679511350078
-0.1546851562654577
0.09109867617612921
